3237
6898
8503
1793
9504
5021
1101
7781
4885
3909
5955
3686
2595
5613
4452
3951
6047
4965
8475
1711
3378
1781
4121
9072
2385
9812
2104
6218
5255
4725
5866
6994
2373
3785
3875
1003
4532
9630
6936
3249
3822
9321
9964
6396
2322
4689
3947
8253
2012
7575
2583
6633
7811
2464
3624
9293
5331
8208
1133
5070
5576
2153
7107
5277
3868
2441
1693
1648
8887
6503
1671
7555
8861
3818
6512
6376
8654
8111
8115
6209
7474
6709
9227
4458
9642
3515
9307
5663
2568
6850
8643
3533
9481
4526
2184
6048
6476
2049
6492
9825
1718
5378
6264
5592
9266
2781
9757
1484
9252
9694
1032
6583
8225
7104
2461
9306
9617
7950
5191
9218
4842
7224
3894
6532
6766
1161
4936
2272
5650
9549
4995
3847
7889
6807
4364
4798
8074
5048
9485
6123
6069
4719
5197
8698
5961
3225
2684
6866
3630
3301
9346
3997
4027
6439
4640
4083
5526
9539
5152
1774
9890
8774
8815
4640
1594
1593
7584
6257
6318
4535
8791
7215
2086
6478
8837
7315
8254
6491
3599
4353
9504
2328
9222
1888
5194
1649
3541
6249
9032
9715
9341
7732
6288
4144
3175
5182
4732
4998
9696
2708