27812782
27366906
27548469
27907888
27366457
27832827
27728898
27193162
27105654
27802398
27563144
27025030
27960931
27868716
27252718
27835593
27110392
27935497
27239622
27493254
27839502
27850881
27284881
27999722
27612143
27153560
27746038
27426175
27149867
27175223
27298442
27582232
27354363
27206115
27406883
27884713
27878563
27856528
27770265
27481151
27485728
27123530
27288078
27696578
27323173
27384887
27439577
27278129
27809290
27963724
27993073
27786752
27467736
27784873
27048730
27839259
27528897
27834268
27203124
27852525
27566606
27678415
27714576
27323498
27980429
27501245
27435332
27983020
27293745
27790264
27819374
27269854
27771489
27280188
27710638
27484342
27341957
27578122
27807885
27584027
27813615
27576528
27587777
27485414
27858696
27136981
27294187
27128383
27777861
27843101
27879692
27138630
27844340
27347757
27191030
27403824
27955200
27421495
27901610
27254216
27526462
27522848
27020936
27223931
27734641
27340940
27778465
27807043
27816859
27021289
27257645
27523507
27613126
27073401
27215629
27592411
27411051
27388176
27967717
27019429
27399340
27167951
27001019
27564651
27485013
27570658
27125006
27503658
27999871
27514739
27629451
27828899
27076710
27875443
27304758
27565459
27924785
27896216
27684202
27653823
27654775
27949067
27982204
27219430
27390054
27297629
27694025
27737025
27719804
27877490
27177734
27113029
27060612
27758819
27775120
27431397
27771631
27636296
27456179
27033807
27685243
27119230
27284988
27097899
27221774
27561186
27585797
27008752
27371700
27867419
27607369
27274210
27477746
27989951
27160035
27244230
27423560
27473726
27578195
27236619
27342620
27587614
27173486
27270621
27588877
27988953
27106020
27679490
27841464
27382648
27452821
27372797
27967268
27183742
27611859
27012611
27499734
27864165
27667349
27429971
27696732
27077223
27855360
27490984
27949360
27716922
27159289
27486509
27581232
27245069
27155460
27331614
27514123
27204603
27322121
27727319
27369673
27757391
27220576
27473762
27462440
27824450
27861868
27510428
27600759
27078596
27721903
27874168
27367721
27518596
27453957
27666204
27108636
27194475
27342385
27402027
27621457
27953412
27512594
27523069
27449023
27237989
27363780
27826519
27798103
27253002
27035895
27730944
27600580
27298870
27420910
27411201
27338281
27676940
27200921
27519920
27555908
27448726
27062579
27191579
27682473
27828968
27717442
27922886
27317152
27613859
27793305
27409154
27005700
27128377
27412737
27966670
27329961
27603172
27146323
27415204
27156537
27528951
27451550
27221479
27444137
27380924
27279004
27766527
27347911
27457625
27403408
27085353
27820747
27388303
27375373
27052423
27617619
27142576
27973765
27669333
27405197
27588604
27848682
27000650
27892098
27037139
27762853
27471454
27607286
27009735
27051916
27527574
27128442
27155919
27916748
27089540
27687163
27427729
27878866
27534419
27049254
27384209
27808994
27255323
27959936
27736353
27174028
27200425
27382828
27321093
27621234
27960317
27133223
27895368
27390752
27334627
27745319
27822161
27432830
27874432
27768436
27602052
27272879
27843147
27306888
27579606
27059083
27499380
27657758
27520716
27629064
27232155
27977718
27332911
27025167
27300581
27895811
27355926
27524570
27277340
27642414
27940763
27381082
27223717
27025739
27852202
27946110
27263741
27306839
27240031
27244199
27854027
27823198
27531552
27723543
27168361
27902157
27633551
27817508
27710251
27983852
27727343
27108498
27234215
27075072
27737769
27975564
27557571
27936029
27280902
27932682
27808656
27134930
27142863
27915543
27591367
27451071
27583127
27838136
27368046
27883907
27379558
27567968
27125961
27636268
27078743
27300940
27282416
27704524
27563810
27044859
27176882
27930808
27097551
27526469
27628182
27986562
27744032
27648840
27279224
27913123
27579099
27424969
27524999
27210329
27064234
27785209
27707149
27782878
27923304
27846942
27181576
27673697
27081029
27530932
27636698
27476168
27338491
27979791
27726952
27482704
27719494
27893226
27264568
27339279
27572093
27932786
27469571
27535016
27439364
27662591
27864837
27325002
27546442
27181910
27618743
27858521
27115599
27156586
27342188
27078614
27669036
27884871
27495787
27051224
27886390
27920309
27781986
27748611
27496801
27302717
27008901
27299378
27475809
27135517
27669510
27442543
27573700
27242626
27485236
27683065
27145235
27339579
27629690
27450946
27515504
27444493
27403132
27748381
27449045
27612824
27082017
27040152
27862916
27064541
27804892
27755001
27663081
27667688
27907985
27357718
27324863
27137313
27200374