41 11 62 89
61 60 25 64
48 66 88 84
42 56 60 13
55 86 89 57
12 61 53 46
79 13 78 77
77 82 81 47
37 71 79 56
11 33 70 40
67 93 10 72
30 47 18 94
88 68 81 89
66 58 17 80
66 81 77 52
46 96 51 29
27 67 78 24
42 25 29 64
67 72 65 49
36 95 63 33
59 42 78 19
72 50 19 85
58 74 23 76
88 33 15 41
43 27 63 11
43 34 22 72
16 98 15 10
19 38 87 41
36 92 20 95
80 73 25 73
37 57 10 28
34 93 69 69
40 32 22 13
34 10 75 45
23 15 21 36
81 74 16 35
91 70 74 54
66 27 49 30
60 74 91 95
94 55 50 56
40 14 19 24
59 85 69 79
43 97 75 45
48 68 89 98
63 70 17 98
14 38 14 57
13 24 35 25
47 36 67 99
75 32 54 36
42 83 34 83
38 65 62 23
39 38 48 18
65 21 12 76
96 82 39 30
42 46 80 21
18 22 31 97
44 14 59 51
49 99 45 25
11 84 59 37
37 70 93 16
32 97 92 22
13 12 29 47
22 91 90 86
68 23 58 71
79 98 20 15
26 16 24 28
55 44 20 54
35 53 68 19
18 83 35 26
80 94 52 96
31 30 97 82
53 91 16 50
39 50 54 33
31 94 43 92
48 84 12 28
90 21 27 53
29 30 37 77
46 17 26 28
60 61 90 39
62 32 27 21
44 65 83 23
39 18 85 93
44 31 78 96
24 95 57 45
84 51 62 15
20 87 38 52
64 73 87 20
11 75 73 44
86 35 31 17
64 88 99 86
40 34 28 76
26 17 52 85
12 92 51 55
99 43 71 40
63 82 41 32
87 76 71 26
29 33 41 58
49 61 14 69
46 90 45 56