1006 1008 1006 1006
1003 1008 1002 1007
1006 1003 1000 1004
1001 1000 4686 1004
1006 1005 1009 1004
1006 1005 1000 1004
1001 1009 1007 1000
1004 1007 1004 1001
1004 1003 1009 1007
1007 1003 1009 1000
1003 1008 5830 1002
5766 1006 1007 1007
1009 1005 1007 1007
1002 1005 1005 1008
1006 1006 1003 1009
1000 1008 8694 1008
1007 6524 1000 1002
1007 1009 1005 1008
1003 4395 1006 1008
1003 1004 2669 1007
1007 1001 5005 1001
1001 1000 1007 1009
1006 1006 1003 1002
1005 1000 1009 1007
1007 1001 1006 1003
1008 1004 1004 1007
1001 1005 1006 2331
1002 1003 1002 1001
6679 1008 6870 1006
1002 1004 1008 1006
1007 1001 1008 1002
1009 1003 1002 1004
3936 1006 1002 1004
1003 1003 1006 1003
1008 1008 1007 1001
1001 1006 1006 1001
1007 4764 1003 1000
1000 1005 1008 1007
1009 1008 1003 5719
1002 1007 4733 1008
1000 1008 1006 1005
1001 1008 1009 2108
1000 1001 1002 8302
1004 1001 1004 1003
1000 1008 1008 1006
1008 1004 1001 1009
1009 1003 1002 1008
1007 1006 5541 1004
1001 7392 1000 2307
1004 1005 1004 1002